p0    = 0.000411231
p1    = -1.09148e-07
p2    = 4.67455e-09
sigma = 4.96852e-05
